_mm256_broadcastq_epi64()
8610072418320473600,2396673761223030819
2396673761223030819,2396673761223030819,2396673761223030819,2396673761223030819
_mm256_broadcastw_epi16()
1982151782833201443,4102224975558728810
-2563994686311441302,-2563994686311441302,-2563994686311441302,-2563994686311441302
_mm256_and_si256()
6401308761514374020,7420829665343948274,3828924419367361674,2104394892549864922
5705073920938656142,946154975991599282,8395918216534770929,4734546711520588090
5189277073157439876,297237850485719218,3746997226434544768,86782254839542042
_mm256_cvtepi16_epi64()
7979514922600508346,4210507552029333848
14958,-17841,29390,-9896
_mm256_permute4x64_epi64()
79592201133672445,3641371526953643399,8056392487704028847,5725962546516985849
241
79592201133672445,79592201133672445,5725962546516985849,8056392487704028847
_mm256_or_si256()
6425964147125109131,812894892540769916,9036853025128417045,2061743986114357536
3766230910455606192,8744542411592008611,4214875236147063838,7382871915151921116
9038125628461542331,8890101262891071487,9187202444217806623,9150747091980972028
_mm256_add_epi64()
4015398969025498913,4460260350339862970,4772731484001983357,8463391954706176157
8291856415361500335,2994255434601961274,3370046282396437897,3139677452615481029
-6139488689322552368,7454515784941824244,8142777766398421254,-6843674666387894430
_mm256_extracti128_si256()
8390836677396947660,9086900550830237724,4061133902497479668,8097613260229701996
0
4061133902497479668,8097613260229701996
_mm256_broadcastd_epi32()
1133520580414799829,3382339874541752043
843104326668996331,843104326668996331,843104326668996331,843104326668996331
_mm256_xor_si256()
5550341019566405216,6468475998536916342,5380677824013188759,4609335237192220326
4371059848910158681,8649062063848088555,4691438416063849553,7685513213399717089
8192005966645677369,2432789019907997341,844239778860489414,6151856026733423175
_mm256_slli_epi32()
3864814953814382678,4264821137416665001,190201991979822289,5119321075206038645
9
4983639808911911936,6872620577273631232,5149699048379884032,1654732017260620288
_mm256_srli_epi32()
7340282912163308012,8274417934129361200,2427142622979442289,1887843350381957199
9
14336489165237904,16160969801298808,4740510024659747,3687190772157640
_mm256_add_epi32()
812976304403387220,8767027373794803244,8395220567116312770,8430363579242366610
3585541198501568721,1554627100001596068,1062558412848415300,8234166155821967811
4398517502904955941,-8125089599913152304,-8988965093744823546,-1782214338645217195
_mm256_permute4x64_pd()
3.2379396882901585,6.2304717600486459,0.33622771425843434,0.12226109425906648
254
3.2379396882901585,3.2379396882901585,3.2379396882901585,6.2304717600486459
_mm256_cmpgt_epi64()
6767302287902149468,1870899068749374295,2438541067875491472,220027829056283358
2980279740210342332,3114239113109789602,8629820811740869156,6335495912289188437
-1,0,0,0
_mm256_bsrli_epi128()
2622402278681695379,724302869734485930,4907532544508085637,4704100938590901990
2622402278681695379,724302869734485930,4907532544508085637,4704100938590901990
10243758901100372,-7851448442049244689,19170049001984709,-8844708672373765418
40014683207423,6094225772747119697,74883003914002,-4213890097451280310
156307356278,-48252024613134500,292511734039,1352633778527461720
610575610,8574665206042279327,1142623961,1662608388569715425
2385060,-398850778266464963,4463374,-2803751603461339054
9316,-6558799068304045555,17435,1069911755867898184
36,7252196688970158858,68,1949734381820413249
0,2622402278681695379,0,4907532544508085637
0,10243758901100372,0,19170049001984709
0,40014683207423,0,74883003914002
0,156307356278,0,292511734039
0,610575610,0,1142623961
0,2385060,0,4463374
0,9316,0,17435
0,36,0,68
0,0,0,0
_mm256_set_pd()
1.1111207845295623
0.39219718028775857
0.88462107511172638
0.54541783635773111
1.1111207845295623,0.39219718028775857,0.88462107511172638,0.54541783635773111
_mm256_mul_pd()
27.83067855723484,3.0772347885355344,0.40735837900881711,1.2767629813570689
0.083547049283751409,0.31191658203272588,0.66217309106896982,0.42557239706447786
2.3251710730215427,0.95984055735220186,0.26974175700111336,0.54335508245931707
_mm256_add_pd()
2.2680090198784879,1.4390871410975294,1.6866706573465189,0.80001127547498452
0.61863872317120105,0.96235306337401127,0.32534685036968908,0.031563614138489834
2.8866477430496889,2.4014402044715406,2.0120175077162079,0.83157488961347437
_mm256_sub_pd()
0.44741231448578939,14.982853884025788,0.31270768630210283,0.11433112695539688
5.5127782970024688,0.92999694605586303,4.9340108072460431,0.99118705871872692
-5.0653659825166795,14.052856937969924,-4.6213031209439404,-0.87685593176332999
_mm256_xor_pd()
11.550532343881921,0.23591543565688963,1.1041984174012547,0.40173446898905774
1.2384183958811457,0.70300749093225157,1.1910969365910364,1.4395969620517743
5.8386790431090843e+307,6.7593695288819002e-308,3.6746253700486704e-309,8.5510772526969518e-308
_mm256_unpacklo_pd()
1.0714618687581678,2.0904111474693634,1.140233779837966,0.30188047567381188
0.299077292543448,0.31464488248245404,63.347541344373894,0.63243202180381264
0.31464488248245404,2.0904111474693634,0.63243202180381264,0.30188047567381188
_mm256_unpackhi_pd()
4.8258149845861276,0.92645450608555002,0.34446519516523105,0.72311673008562993
0.64028795852575138,0.38432111416688974,1.0207684823038827,0.36202510510350733
0.64028795852575138,4.8258149845861276,1.0207684823038827,0.34446519516523105
_mm_permute_pd()
1.6238129210971555,1.0704473729492534
0
1.0704473729492534,1.0704473729492534
_mm256_loadu_si256()
8461122927985778352,8270759088229927335,209465590802835212,1288930352017492572
8461122927985778352,8270759088229927335,209465590802835212,1288930352017492572
_mm256_cmpgt_epi16()
1847827561148423738,6880172334223452904,3325466905483294868,1971469116135745447
3593062558736952687,492652885104262474,9164835240868409852,7575059831049002776
4294901760,-4294967296,281470681743360,281474976710655
_mm256_cmpeq_epi16()
8316332857805346499,973449804176305787,7021965847994126160,8705867262984834898
4835734710081884899,8870123330851172425,8349108351453011049,8418064257795602565
0,0,0,0
_mm256_castsi256_si128()
8511660854771341650,8655448486570891480,2601756188667404345,3041785657283471777
2601756188667404345,3041785657283471777
_mm256_storeu_si256()
3449096028187719932,5441901780211133099,9092709714769738017,7764689480246593420
3449096028187719932,5441901780211133099,9092709714769738017,7764689480246593420
_mm256_set1_pd()
1.3839753688762206
1.3839753688762206,1.3839753688762206,1.3839753688762206,1.3839753688762206
_mm256_loadu_pd()
2.5339300702291467,0.12040626743336968,0.54338875969581635,1.2810976274210517
2.5339300702291467,0.12040626743336968,0.54338875969581635,1.2810976274210517
_mm256_storeu_pd()
0.21143477094956772,1.1836535214563348,0.8207954040296912,1.5098894644028813
0.21143477094956772,1.1836535214563348,0.8207954040296912,1.5098894644028813
_mm256_setzero_pd()
0,0,0,0
_mm256_div_pd()
0.57208115574084828,2.9125025574027745,0.79016717541555626,4.5630188077020302
1.9016816247527157,1.3938383890574464,0.46173582584355866,2.0519532339473154
0.3008290916284363,2.0895554178072917,1.7112970906512979,2.2237440562542505
_mm256_hadd_pd()
1.2508747698846754,1.3329895273803256,0.069626457305809283,0.94292004422416353
3.0875504752406782,5.1087035474948195,1.1028763865755631,0.11790352151370365
8.1962540227354985,2.5838642972650012,1.2207799080892667,1.0125465015299728
_mm256_extractf128_pd()
0.078176448382516445,1.6082915733381489,5.0486050729282788,0.94203952841236649
0
5.0486050729282788,0.94203952841236649
_mm256_hsub_pd()
0.60191398573542509,0.195006462159097,0.13025702498682454,0.87514047060355105
0.37439855588972371,2.168279400501655,7.7509119302957714,0.60829887856110643
1.7938808446119312,-0.40690752357632809,-7.1426130517346653,0.74488344561672648
_mm256_shuffle_pd()
4.7034995052724877,2.1031042535961908,0.48990929874153799,6.1281877188723275
0.87619125482771065,1.5357168207086651,1.1355329946668029,0.35814667996279537
1
1.5357168207086651,2.1031042535961908,0.35814667996279537,0.48990929874153799
_mm256_permute2f128_pd()
0.7006173226280763,0.48911858575140432,1.4526761430639676,0.21517651929666573
1.9457640557271003,1.3742752061751706,1.008292291516278,2.0790012828290796
241
0,0,0.7006173226280763,0.48911858575140432
_mm256_castpd256_pd128()
3.3372479724091528,3.6305851979482497,1.1433414458163385,0.68348861809657857
1.1433414458163385,0.68348861809657857
_mm_set1_pd()
3.1332586602282553
3.1332586602282553,3.1332586602282553
_mm_set_pd()
0.77372105432751048
0.64782277250271625
0.77372105432751048,0.64782277250271625
_mm_loadu_pd()
0.087805212014701192,0.71564496998565219
0.087805212014701192,0.71564496998565219
_mm_unpacklo_pd()
0.96963554483877579,1.8271501178714096
1.0130882791188744,7.8661265220588961
7.8661265220588961,1.8271501178714096
_mm_unpackhi_pd()
10.995099146306329,79.193115637756236
1.0977567911184922,0.5757315321329598
1.0977567911184922,10.995099146306329
_mm_add_pd()
9.2347314269589589,0.72107603132149323
0.48436808401481268,4.6961130242528304
9.7190995109737717,5.4171890555743234
_mm_mul_pd()
2.1997135555308476,0.04992882218893023
1.5053074396439097,1.400829719839719
3.3112451802261411,0.06994177799884628
_mm_sub_pd()
0.44769644939796932,1.6027059701106781
1.8002917573789103,14.350470120942004
-1.352595307980941,-12.747764150831326
_mm_xor_pd()
0.62986028823850815,0.50436940846919587
1.6714624058002678,1.3207821651201477
4.2554665267088255e-308,2.9215790115798343e-308
_mm_cvtsd_f64()
1.2171216224437045,1.5489364059910316
1.5489364059910316
_mm_storeu_pd()
0.10910778630661028,0.6267307550598088
0.10910778630661028,0.6267307550598088
_mm_cvtsi32_si128()
1037718227
0,1037718227
_mm_srli_epi16()
3049708377068358692,1603974431585262384
774559107
0,0
_mm_setzero_si128()
0,0
_mm_cvtsi128_si32()
8836970588621481490,7583798101735931784
1581285256
_mm_cvtsi64_si128()
1236763738
0,1236763738
_mm_add_epi64()
741128855574783804,6158133472565124434
2613451983249314906,2805797651221152907
3354580838824098710,8963931123786277341
_mm_srli_si128()
6562826539272560708,1215088074565265944
6562826539272560708,1215088074565265944
25636041169033440,4904662832370370218
100140785816536,-2286684170024747194
391174944595,-2819178527518348673
1528027127,6041825483062828074
5968855,-624917465548137252
23315,-2884744845366914852
91,1429883346206344208
0,6562826539272560708
0,25636041169033440
0,100140785816536
0,391174944595
0,1528027127
0,5968855
0,23315
0,91
0,0
_mm_load1_pd()
10.728508687697342
10.728508687697342,10.728508687697342
_mm_sqrt_pd()
6.6662476499241414,0.23147434724108179
2.5819077539532937,0.48111781014745419
_mm_storel_pd()
2.5649427667402227,0.31144864967424774
0.31144864967424774
_mm_hadd_epi16()
14430132633428961,7170450093042146522
887382645251265309,6679028511731336105
-6187724709912960484,4923689549426593867
